4.54590 8.16740 -2.45860 -1.46210 1
0.32924 -4.45520 4.57180 -0.98880 -1
3.59120 3.01290 0.72888 0.56421 1
1.89930 7.66250 0.15394 -3.11080 1
6.56330 9.81870 -4.41130 -3.22580 1
4.89060 -3.35840 3.42020 1.09050 1
-0.24811 -0.17797 4.90680 0.15429 -1
-1.61620 0.80908 8.16280 0.60817 -1
3.48050 9.70080 -3.75410 -3.43790 1
4.17110 8.72200 -3.02240 -0.59699 1
-0.00689 9.29310 -0.41243 -1.96380 1
0.96441 5.83950 2.32350 0.06637 1
2.56350 6.77690 -0.61979 0.38576 1
3.13770 -4.10960 4.57010 0.98963 1
-0.78289 11.36030 -0.37644 -7.04950 -1
4.25860 11.29620 -4.09430 -4.34570 1
1.79390 -1.11740 1.54540 -0.26079 1
5.40210 3.10390 -1.15360 1.56510 1
1.00090 7.78460 -0.28219 -2.66080 1
4.13730 0.49248 1.09300 1.82760 1
4.40690 10.90720 -4.57750 -4.42710 1
3.79350 7.98530 -2.54770 -1.87200 1
1.48060 7.63770 -2.78760 -1.03410 1
2.31360 10.66510 -3.52880 -4.76720 1
-1.85840 7.88600 -1.66430 -1.83840 1
1.51800 5.69460 0.09482 -0.02674 1
3.23510 9.64700 -3.20740 -2.59480 1
2.53310 2.91350 -0.82200 -0.12243 1
0.92970 -3.79710 4.64290 -0.29570 -1
2.99400 7.20110 -1.21530 0.32110 1
2.01390 6.14160 0.37929 0.56938 1
1.73170 -0.34765 4.19050 -0.99138 -1
3.84810 10.15390 -3.85610 -4.22280 1
1.74960 -0.17590 5.18270 1.29220 1
2.73910 7.40180 0.07168 -2.53020 1
3.45910 11.11200 -4.20390 -5.09310 1
1.93580 8.16540 -0.02343 -2.25860 1
2.40080 9.35930 -3.35650 -3.35260 1
4.88510 1.59950 -0.00029 1.64010 1
-1.11930 10.72710 2.09380 -5.65040 -1
-0.11783 -1.57890 8.03000 -0.02803 -1
2.94210 7.41010 -0.97709 -0.88406 1
4.56450 -3.62750 2.86840 0.27714 1
1.45780 -0.08485 4.17850 0.59136 1
4.82720 3.06870 0.68604 0.80731 1
1.91570 6.08160 0.23705 -2.01160 1
5.88620 5.87470 -2.81670 -0.30087 1
4.00260 -3.59430 3.55730 0.26809 1
2.61400 8.00810 -3.72580 -1.30690 1
4.19620 0.74493 0.83256 0.75300 1
1.32340 3.29640 0.23620 -0.11984 1
1.32640 1.03260 5.65660 -0.41337 1
-0.16735 7.62740 1.20610 -3.62410 -1
-2.22610 12.53980 2.94380 -3.52580 1
0.37980 0.70980 0.75720 -0.44440 1
5.28680 3.25700 -1.37210 1.16680 1
3.09340 -2.91770 2.22320 0.22283 1
1.81140 7.60670 -0.97880 -2.46680 1
3.84170 10.02150 -4.26990 -4.91590 1
2.69460 6.79760 -0.40301 0.44912 1
1.77470 -6.43340 8.15000 -0.89828 -1
0.89606 10.54710 -1.41750 -4.03270 1
3.24220 6.22650 0.12224 -1.44660 1
-2.21530 11.96250 0.07854 -7.78530 -1
0.32920 -4.45520 4.57180 -0.98880 -1
2.97190 6.83690 -0.27020 0.71291 1
1.68490 8.74890 -1.26410 -1.38580 1
-1.91770 11.68940 2.54540 -3.27630 1
1.60320 -4.78630 8.51930 -2.12030 -1
4.61600 10.17880 -4.21850 -4.42450 1
0.32920 -4.45520 4.57180 -0.98880 -1
5.73530 5.28080 -2.25980 0.07542 1
2.67180 5.65740 0.72974 -1.48920 1
2.94990 2.24930 1.34580 -0.03708 1
-1.73440 2.01750 7.76180 0.93532 -1
3.88400 10.02770 -3.92980 -4.08190 1
1.06070 2.45420 2.51880 -0.17027 1
2.04210 1.24360 4.21710 0.90429 1
3.46670 -4.07240 4.28820 1.54180 1
3.96600 3.92130 0.70574 0.33662 1
0.96414 5.61600 2.21380 -0.12501 1
-1.18040 11.50930 0.15565 -6.81940 -1
0.32920 -4.45520 4.57180 -0.98880 -1
1.74520 4.80280 2.08780 0.62627 1
3.51890 6.33200 -1.77910 -0.02027 1
3.49850 3.16390 0.22677 -0.16510 1
4.15290 -3.93580 2.86330 -0.01769 1
0.74307 11.17000 -1.38240 -4.07280 1
-1.99220 11.65420 2.65420 -5.21070 -1
0.86202 2.69630 4.29080 0.54739 1
3.81170 10.14570 -4.04630 -4.56290 1
2.37180 7.49080 0.01599 -1.74140 1
2.12650 6.87830 0.44784 -2.22240 1
3.78310 10.05260 -3.88690 -3.73660 1
2.67990 3.13490 0.34073 0.58489 1
2.21230 -5.83950 7.76870 -0.85302 -1
3.08640 -2.58450 2.23090 0.30947 1
0.37980 0.70980 0.75720 -0.44440 1
-0.06203 6.19750 1.09900 -1.13100 1
3.47690 -0.15314 2.53000 2.44950 1
-2.48400 12.16110 2.82040 -3.74180 -1
1.74200 -4.80900 8.21420 -2.06590 -1
5.62720 10.08570 -4.29310 -3.81420 1
3.35900 9.80220 -3.82090 -3.71330 1
5.68100 7.79500 -2.68480 -0.92544 1
3.57610 9.77530 -3.97950 -3.46380 1
2.00070 1.86440 2.64910 0.47369 1
0.64215 3.12870 4.29330 0.64696 1
5.74030 -0.44284 0.38015 1.37630 1
2.97420 8.96000 -2.90240 -1.03790 1
0.18480 6.50790 2.01330 -0.87242 1
3.83840 6.18510 -2.04390 -0.03320 1
2.82090 7.31080 -0.81857 -1.87840 1
3.82130 0.23175 2.01330 2.05640 1
3.65750 7.27970 -2.26920 -1.14400 1
0.57060 -0.02480 1.24210 -0.56210 -1
1.29990 2.57620 2.01070 -0.18967 1
3.94330 2.50170 1.52150 0.90300 1
5.87820 5.94090 -2.85440 -0.60863 1
4.24060 -2.48520 1.60800 0.71550 1
3.18960 5.75260 -0.18537 -0.30087 1
2.13190 -2.04030 2.55740 -0.06165 1
2.20910 7.45560 -1.32840 -3.30210 1
0.04530 6.73340 1.07080 -0.93320 1
4.82780 7.75980 -2.44910 -1.22160 1
-0.10648 -0.76771 7.75750 0.64179 -1
0.72252 -0.05381 5.67030 -1.35090 -1
3.66670 4.30200 0.55923 0.33791 1
-1.42170 11.65420 -0.05770 -7.10250 -1
3.46470 -3.91720 3.97460 0.36119 1
2.28930 3.73300 0.63120 -0.39786 1
1.56730 7.92740 -0.05684 -2.16940 1
4.04460 11.17410 -4.35820 -4.74010 1
4.11950 10.92580 -3.89290 -4.18020 1
2.01930 0.82356 4.63690 1.42020 1
1.16760 9.15660 -2.08670 -0.80647 1
0.32444 10.06700 -1.19820 -4.12840 1
1.15880 8.93310 -2.08070 -1.12720 1
3.18360 7.23210 -1.07130 -2.59090 1
3.92920 -2.91560 2.21290 0.30817 1
2.55810 2.62180 1.85130 0.40257 1
2.50890 6.84100 -0.02942 0.44912 1
3.46260 -4.44900 3.54270 0.15429 1
4.09480 -2.96740 2.36890 0.75429 1
1.89940 0.97462 4.22650 0.81377 1
3.69410 -3.94820 4.26250 1.15770 1
3.30040 7.08110 -1.32580 0.22283 1
0.38251 6.81210 1.81280 -0.61251 1
2.92330 6.04640 -0.11168 -0.58665 1
1.16200 10.29260 -1.28210 -4.03920 1
-0.38388 -1.04710 8.05140 0.49567 -1
2.95710 -4.59380 5.90680 0.57196 -1
4.64390 -3.37290 2.59760 0.55257 1
-1.36120 10.69400 1.70220 -2.90260 1
-0.11996 6.87410 0.91995 -0.66940 1
3.77980 -3.31090 2.64910 0.06637 1
5.35860 3.75570 -1.73450 1.07890 1
0.57060 -0.02484 1.24210 -0.56208 -1
2.31640 -2.62800 3.15290 -0.08622 1
0.29961 7.13280 -0.31475 -1.18280 1
3.44650 2.95080 1.02710 0.54610 1
2.24290 -4.14270 5.23330 -0.40173 -1
3.73210 -3.88400 3.35770 -0.00605 1
0.76163 5.82090 1.19590 -0.64613 1
3.97710 11.15130 -3.92720 -4.34440 1
1.64500 7.86120 -0.87598 -3.55690 1
3.92620 6.02990 -2.01560 -0.06553 1
4.65000 -4.82970 3.45530 -0.25174 1
3.26920 3.41840 0.20706 -0.06682 1
2.40120 1.62230 3.03120 0.71679 1
0.51950 -3.26330 3.08950 -0.98490 -1
4.09320 5.41320 -1.82190 0.23576 1
1.77480 -0.76978 5.58540 1.30390 1
4.84510 8.11160 -2.95120 -1.47240 1
5.12130 8.55650 -3.39170 -1.54740 1
0.37984 0.70975 0.75716 -0.44441 1
1.82160 -6.47480 8.05140 -0.41855 -1
3.58620 -3.09570 2.80930 0.24481 1
0.75736 3.02940 2.91640 -0.06812 1
0.85574 0.00827 6.60420 -0.53104 -1
4.01270 10.14770 -3.93660 -4.07280 1
2.25040 3.57570 0.35273 0.28360 1
-3.56810 -8.21300 10.08300 0.96765 -1
-1.75820 2.73970 -2.53230 -2.23400 -1
-0.89409 3.19910 -1.82190 -2.94520 -1
-2.41150 -9.13590 9.34440 -0.65259 -1
-3.58010 -12.93090 13.17790 -2.56770 -1
-2.73380 0.45523 2.43910 0.21766 -1
-5.49010 9.10480 -0.38758 -5.97630 -1
-2.06310 -1.51470 1.21900 0.44524 -1
-0.91318 -2.01130 -0.19565 0.06637 -1
-3.60850 3.32530 -0.51954 -3.57370 -1
-3.11280 -6.84100 10.74020 -1.01720 -1
-4.85540 -5.90370 10.98180 -0.82199 -1
-1.44270 3.29220 -1.97020 -3.43920 -1
-0.94255 0.03931 -0.24192 0.31593 -1
-2.25800 -9.32630 9.37270 -0.85949 -1
-2.14050 -0.16762 1.32100 -0.20906 -1
0.83625 1.10710 -2.47060 -0.06295 1
-3.13660 0.42212 2.62250 -0.06424 -1
-2.57540 -5.65740 6.10300 0.65214 -1
-1.87820 -6.58650 4.84860 -0.02157 -1
0.24261 0.57318 -1.94020 0.44007 1
-2.37970 -1.44020 1.12730 0.16076 -1
-1.24240 -1.71750 -0.52553 -0.21036 -1
0.20216 1.91820 -3.28280 -0.61768 1
0.59823 3.50120 -3.97950 -1.78410 1
-4.49960 3.42880 0.56265 -1.16720 -1
-1.86290 -0.84841 2.53770 0.09740 -1
-3.59160 -6.22850 10.23890 -1.15430 -1
-5.12160 -5.31180 10.38460 -1.06120 -1
-2.35180 -4.83590 6.64790 -0.06036 -1
-1.01120 2.99840 -1.16640 -1.61850 -1
-0.55008 2.86590 -1.64880 -2.43190 -1
-0.77288 -7.44730 6.49200 0.36119 -1
-1.83910 -9.08830 9.24160 -0.10432 -1
0.50225 0.65388 -1.17930 0.39998 1
0.74521 3.63570 -4.40440 -4.14140 -1
-1.39070 -1.37810 2.30550 -0.02157 -1
0.55298 -3.46190 1.70480 1.10080 -1
-4.22490 6.26990 0.15822 -5.54570 -1
-2.53460 -0.77392 3.36020 0.00171 -1
1.56310 0.89599 -1.97020 0.65472 1
-1.41740 -2.25350 1.51800 0.61981 -1
-2.22140 -0.23798 0.56008 0.05602 -1
-2.05290 3.83850 -0.79544 -1.21380 -1
-1.72790 -6.84100 8.94940 0.68058 -1
-1.76970 3.43290 -1.21440 -2.37890 -1
-0.00129 0.13863 -0.19651 0.00818 1
-3.49170 -12.17360 14.36890 -0.61639 -1
-1.18590 -1.25190 2.26350 0.77239 -1
-1.80760 -8.81310 8.70860 -0.21682 -1
-3.38630 -12.98890 13.05450 -2.72020 -1
-2.29870 -5.22700 5.63000 0.91722 -1
1.67990 4.20680 -4.53980 -2.39310 1
0.84546 3.48260 -3.63070 -1.39610 1
-4.57700 3.45150 0.66719 -0.94742 -1
-2.98830 0.31245 0.45041 0.06895 -1
-0.46651 2.33830 -2.98120 -1.04310 1
-0.98193 2.79560 -1.23410 -1.56680 -1
-2.26770 3.29640 -2.25630 -2.46420 -1
-2.00420 -9.36760 9.33330 -0.10303 -1
-0.93587 -5.10080 4.53670 1.38660 -1
-0.66008 -3.22600 3.80580 1.18360 -1
0.11686 3.73500 -4.43790 -4.37410 -1
1.50770 1.95960 -3.05840 -0.12243 1
-3.99340 5.83330 0.54723 -4.93790 -1
-2.38980 -0.78427 3.01410 0.76205 -1
-1.79760 -6.76860 6.67530 0.89912 -1
-5.16610 8.04330 0.04427 -4.49830 -1
-1.49040 -2.21830 1.60540 0.89394 -1
-3.95940 4.02890 -0.35845 -3.89570 -1
-0.83535 0.80494 -1.64110 -0.19225 -1
-2.31470 3.66680 -0.69690 -1.24740 -1
-2.00660 -6.71900 9.01620 0.09999 -1
-0.41965 2.90940 -1.78590 -2.20690 -1
0.37637 -0.82358 0.78543 0.74524 1
-0.27068 3.26740 -3.55620 -3.08880 -1
-5.11900 6.64860 -0.04999 -6.52060 -1
-0.62684 -6.30100 4.78430 1.10600 -1
0.74428 -3.77230 1.61310 1.57540 1
2.01770 1.79820 -2.95810 0.20990 1
-2.59190 -1.05530 3.89490 0.77757 -1
-0.71868 -5.71540 3.82980 1.02330 -1
1.43780 0.66837 -2.02670 1.02710 1
-0.12690 -1.15050 -0.95138 0.57843 1
-0.40857 3.09770 -2.96070 -2.68920 -1
-4.14290 2.77490 0.68261 -0.71984 -1
-3.59850 -13.65930 17.60520 -2.49270 -1
-2.18020 3.37910 -1.22560 -2.66210 -1
-1.63860 3.35840 -1.73020 -3.56460 -1
-0.41645 0.32487 -0.33617 -0.36036 -1
-2.59610 -9.34900 9.79420 -0.28018 -1
-0.53072 -0.09727 -0.21793 1.04260 1
-0.49081 2.84520 -3.64360 -3.10040 -1
-1.39950 -1.91620 2.51540 0.59912 -1
-1.69880 -7.11630 5.79020 0.16723 -1
1.73310 3.95440 -4.74120 -2.50170 1
-0.34890 3.19290 -3.40540 -3.18320 -1
-3.20510 -0.14279 0.97565 0.04568 -1
-0.89542 2.02790 -2.36520 -1.27460 -1
-2.07540 1.27670 -0.64206 -1.26420 -1
-3.27780 1.80230 0.18050 -2.39310 -1
-4.24400 -13.06340 17.11160 -2.80170 -1
-4.40180 -12.93710 15.65590 -1.68060 -1
-0.82053 0.65181 -0.48869 -0.52716 -1
-1.78860 -6.34860 5.61540 0.42584 -1
-2.91380 -9.47110 9.76680 -0.60216 -1
-2.77230 3.27770 -0.93510 -3.14570 -1
0.30081 0.17381 -1.75420 0.48921 1
1.34030 4.13230 -4.70180 -2.59870 1
-6.52350 9.60140 -0.25392 -6.96420 -1
0.62120 3.67710 -4.07710 -2.07110 1
-2.06620 0.16967 -1.00540 -0.82975 -1
-2.44580 1.62850 -0.88541 -1.48020 -1
-3.60530 -5.97400 10.09160 -0.82846 -1
-2.45610 -4.55660 6.45340 -0.05648 -1
-4.19580 -8.18190 12.12910 -1.60170 -1
-3.38000 -0.70770 2.53250 0.71808 -1
-2.70830 -6.82660 7.53390 0.59007 -1
-0.62043 0.55870 -0.38587 -0.66423 -1
-1.83870 -6.30100 5.65060 0.19567 -1
-1.91160 -6.16030 5.60600 0.48533 -1
-2.45540 -9.04070 8.86200 -0.86983 -1
-4.23330 4.91660 -0.49212 -5.32070 -1
-3.09860 -10.46020 8.97170 -2.34270 -1
-1.99830 -6.60720 4.82540 -0.41984 -1
0.15423 0.11794 -1.68230 0.59524 1
1.20800 4.07440 -4.76350 -2.61290 1
-0.96070 2.69630 -3.12260 -1.31210 -1
-1.22440 1.74850 -1.48010 -1.41810 -1
-2.64060 -4.41590 5.98300 -0.13924 -1
-3.34580 -0.50491 2.63280 0.53705 -1
0.55939 -0.31040 0.18307 0.44653 1
-2.94980 -8.27300 10.26460 1.16290 -1
-1.99660 -9.50010 9.68200 -0.12889 -1
0.22432 -0.52147 -0.40386 1.20170 1
1.58100 0.86909 -2.31380 0.82412 1
-2.26250 -0.09934 2.81270 0.48662 -1
1.34510 0.23589 -1.87850 1.32580 1
-2.97860 2.34450 0.52667 -0.40173 -1
-4.07860 2.92390 0.87026 -0.65389 -1
-0.24745 1.93680 -2.46970 -0.80518 1
-2.83910 -6.63000 10.48490 -0.42113 -1
